0 0.433031 0.891097 0.100406 0.190306
0 0.598613 0.645000 0.073086 0.089028
0 0.345785 0.487042 0.041555 0.054083
0 0.297184 0.466924 0.043039 0.041542
0 0.189969 0.393382 0.021516 0.022431
0 0.231887 0.398333 0.014836 0.025722
0 0.253590 0.401958 0.027086 0.027694
0 0.567664 0.481715 0.034266 0.040625
0 0.571391 0.444625 0.044703 0.033556
0 0.344637 0.409014 0.032617 0.019083
0 0.337215 0.430639 0.021664 0.024472
0 0.273965 0.839493 0.085648 0.135764
0 0.830715 0.612056 0.071617 0.062139
0 0.853082 0.942514 0.107055 0.108250
0 0.985582 0.636264 0.028383 0.087583
0 0.639145 0.561507 0.038602 0.050625
0 0.307414 0.529340 0.047016 0.072653
0 0.239656 0.521167 0.040266 0.063167
0 0.382117 0.624201 0.050766 0.077236
0 0.668086 0.521965 0.043828 0.044931
0 0.423809 0.421687 0.037070 0.034153
0 0.507133 0.464465 0.040359 0.037986
0 0.874926 0.697778 0.079148 0.081972
