0 0.267238 0.477646 0.049992 0.059264
0 0.528711 0.726479 0.068359 0.103097
0 0.718422 0.604090 0.064609 0.080347
0 0.850078 0.562396 0.061766 0.079153
0 0.785410 0.561993 0.099039 0.095264
0 0.276934 0.604681 0.046836 0.076667
0 0.456922 0.587201 0.055906 0.070347
0 0.591023 0.523118 0.037328 0.045514
0 0.386320 0.626479 0.060344 0.094069
0 0.482926 0.471910 0.041492 0.029542
0 0.575605 0.480167 0.052039 0.051056
0 0.613719 0.476444 0.036594 0.034639
0 0.306184 0.413299 0.020102 0.019597
0 0.482750 0.459958 0.040453 0.051111
0 0.172371 0.394361 0.013742 0.017250
0 0.185098 0.390826 0.018477 0.015264
0 0.212180 0.399097 0.026109 0.020861
0 0.249305 0.393139 0.026109 0.016611
0 0.375887 0.438271 0.034008 0.031931
0 0.410258 0.432736 0.028984 0.025972
0 0.820109 0.930701 0.165563 0.138597
0 0.429805 0.938618 0.132625 0.122764
0 0.257469 0.546597 0.041953 0.045972
0 0.345965 0.491438 0.053445 0.050069
