0 0.246949 0.907264 0.098727 0.153556
0 0.877773 0.645674 0.082687 0.071264
0 0.576258 0.483083 0.050875 0.052889
0 0.604844 0.469590 0.032031 0.043903
0 0.673422 0.961417 0.126391 0.075944
0 0.235051 0.521514 0.036492 0.053806
0 0.264422 0.478785 0.032938 0.031653
0 0.244840 0.409951 0.032930 0.026903
0 0.264422 0.394132 0.025813 0.020569
0 0.226148 0.390965 0.025813 0.023736
0 0.214125 0.402042 0.021375 0.030056
0 0.174078 0.396507 0.019578 0.022153
0 0.977789 0.598264 0.044422 0.140833
0 0.774734 0.870417 0.118641 0.148306
0 0.456187 0.604014 0.051344 0.077194
0 0.715336 0.513646 0.055375 0.059792
0 0.700340 0.598917 0.066695 0.071306
0 0.267227 0.587076 0.047422 0.076542
0 0.521508 0.653722 0.071312 0.110250
0 0.850840 0.694007 0.089523 0.083181
0 0.340656 0.542938 0.051359 0.061986
0 0.284801 0.690958 0.060633 0.132806
0 0.409402 0.675194 0.059086 0.113833
0 0.423371 0.534444 0.061492 0.059250
0 0.496063 0.546708 0.049422 0.055167
0 0.442906 0.462424 0.033906 0.037792
0 0.469918 0.445056 0.029305 0.033722
0 0.492902 0.421562 0.030461 0.037792
0 0.313867 0.415049 0.029781 0.041597
0 0.366016 0.424792 0.040141 0.047306
