0 0.244133 0.430132 0.039719 0.025125
0 0.722699 0.548438 0.064523 0.070153
0 0.595125 0.528715 0.048922 0.060597
0 0.839027 0.618604 0.091758 0.080875
0 0.499820 0.556868 0.065250 0.073042
0 0.532348 0.674667 0.070008 0.105194
0 0.491508 0.462472 0.038531 0.040222
0 0.626020 0.499549 0.052102 0.053181
0 0.447813 0.457743 0.046500 0.048264
0 0.440617 0.581764 0.052109 0.067083
0 0.353422 0.465382 0.048797 0.066292
0 0.342871 0.543014 0.040086 0.067778
0 0.288477 0.593681 0.071797 0.162083
0 0.248906 0.516528 0.047812 0.075833
0 0.254781 0.456694 0.030953 0.026083
0 0.288316 0.404632 0.025758 0.024236
0 0.331227 0.419104 0.021250 0.024847
0 0.385457 0.425472 0.016055 0.015806
0 0.433914 0.419722 0.031641 0.027306
0 0.515855 0.436528 0.046992 0.044167
0 0.835422 0.548840 0.082313 0.065653
0 0.970598 0.725743 0.058805 0.101208
0 0.200832 0.399042 0.024273 0.026111
0 0.219234 0.398215 0.011281 0.017319
0 0.176250 0.392993 0.022422 0.019514
