0 0.275184 0.488160 0.037742 0.036208
0 0.238930 0.531424 0.036750 0.045042
0 0.477652 0.615507 0.071492 0.084736
0 0.376363 0.612326 0.061961 0.078375
0 0.462691 0.949444 0.114289 0.095083
0 0.497332 0.481389 0.042758 0.038750
0 0.686523 0.742688 0.090188 0.116347
0 0.271941 0.832722 0.080508 0.161889
0 0.275813 0.707993 0.062688 0.101264
0 0.608117 0.889674 0.110719 0.182292
0 0.768801 0.568944 0.067367 0.067306
0 0.814422 0.519597 0.059906 0.057917
0 0.772852 0.652861 0.078312 0.090583
0 0.538367 0.471201 0.017859 0.025181
0 0.635223 0.557438 0.058961 0.051931
0 0.326355 0.416861 0.034852 0.035861
0 0.965617 0.707667 0.064375 0.065278
0 0.762918 0.409319 0.037430 0.050444
0 0.597008 0.459993 0.030172 0.051097
0 0.560484 0.465090 0.048141 0.048542
0 0.428633 0.435292 0.036406 0.035778
0 0.399770 0.448063 0.034727 0.033208
0 0.193734 0.400743 0.017875 0.022069
0 0.239426 0.410014 0.022852 0.021194
0 0.268480 0.408694 0.020367 0.020306
0 0.307965 0.470500 0.037742 0.034444
