0 0.236324 0.472507 0.030664 0.036625
0 0.544969 0.581847 0.059188 0.079694
0 0.663340 0.463854 0.047695 0.039847
0 0.517672 0.434194 0.049422 0.031611
0 0.465379 0.450062 0.036773 0.028597
0 0.463363 0.518000 0.058039 0.064361
0 0.277402 0.464201 0.030414 0.031931
0 0.990824 0.642319 0.018023 0.057972
0 0.338211 0.525931 0.062266 0.090028
0 0.205137 0.473785 0.026133 0.029681
0 0.438078 0.582187 0.048578 0.062819
0 0.623305 0.679708 0.078016 0.101861
0 0.292566 0.503799 0.040148 0.049764
0 0.552844 0.472118 0.052297 0.055625
0 0.778332 0.642958 0.087617 0.117111
0 0.842543 0.615944 0.072773 0.069472
0 0.616543 0.497646 0.051570 0.059653
0 0.736105 0.518403 0.052773 0.050639
0 0.700043 0.537701 0.057023 0.058625
0 0.476270 0.632667 0.059898 0.081889
0 0.258719 0.440354 0.028016 0.031931
0 0.229977 0.439931 0.019875 0.023417
0 0.226594 0.408479 0.018031 0.021375
0 0.257066 0.401611 0.024039 0.024417
0 0.267586 0.414965 0.017594 0.016014
0 0.303230 0.405042 0.024430 0.016028
0 0.345508 0.418472 0.020859 0.017500
0 0.324676 0.446632 0.041633 0.039681
0 0.375547 0.441222 0.033344 0.036472
0 0.408730 0.446062 0.030461 0.025653
0 0.382914 0.475604 0.041953 0.020431
0 0.379469 0.509826 0.048844 0.056181
0 0.283867 0.625569 0.060391 0.103528
0 0.261293 0.901354 0.123680 0.197292
