0 0.340066 0.489000 0.040773 0.041028
0 0.929129 0.608486 0.083602 0.075306
0 0.397578 0.657521 0.069687 0.137236
0 0.596523 0.529813 0.038641 0.048931
0 0.610254 0.474090 0.050336 0.051625
0 0.447281 0.573403 0.053781 0.065833
0 0.979398 0.580125 0.041125 0.071694
0 0.936516 0.692208 0.085641 0.076556
0 0.282738 0.782111 0.078508 0.169556
0 0.663152 0.476292 0.043758 0.030861
0 0.844660 0.962799 0.055680 0.074403
0 0.680219 0.963875 0.119156 0.072250
0 0.286988 0.633972 0.046930 0.071111
0 0.275836 0.580639 0.040000 0.046500
0 0.329684 0.542340 0.040008 0.057431
0 0.676910 0.580743 0.062211 0.066819
0 0.350848 0.460972 0.040758 0.034194
0 0.548164 0.583375 0.072312 0.098472
0 0.499695 0.485583 0.040000 0.036917
0 0.447000 0.460965 0.030000 0.039653
0 0.475465 0.423354 0.045383 0.032819
0 0.539703 0.439083 0.032313 0.034194
0 0.395082 0.446604 0.038445 0.027347
0 0.237254 0.522625 0.039445 0.051306
0 0.245270 0.464507 0.031742 0.037681
0 0.204066 0.477903 0.033352 0.035861
0 0.214328 0.433153 0.035266 0.034139
0 0.266434 0.448806 0.045211 0.037056
0 0.314844 0.413632 0.029312 0.029681
0 0.377539 0.408028 0.023375 0.018472
0 0.389598 0.428146 0.031164 0.024403
0 0.237488 0.393847 0.028195 0.031000
0 0.264387 0.410660 0.024117 0.027708
0 0.170895 0.395167 0.016695 0.017806
0 0.191488 0.398458 0.019289 0.025722
0 0.811191 0.676153 0.085023 0.082917
0 0.682719 0.721694 0.086203 0.128083
0 0.522504 0.693181 0.066523 0.116250
