0 0.736105 0.802764 0.119164 0.171583
0 0.293238 0.778486 0.072430 0.150000
0 0.737738 0.492535 0.051555 0.051847
0 0.748547 0.577972 0.070609 0.064361
0 0.544289 0.733528 0.073797 0.110306
0 0.301063 0.596229 0.042797 0.074347
0 0.897281 0.460250 0.070922 0.064389
0 0.508844 0.566375 0.054641 0.063167
0 0.328020 0.541375 0.038570 0.062972
0 0.292254 0.506646 0.039008 0.062097
0 0.251699 0.551090 0.041086 0.049458
0 0.913605 0.577306 0.082945 0.086500
0 0.266242 0.409937 0.022625 0.022431
0 0.322051 0.417250 0.041477 0.034167
0 0.333816 0.486021 0.042555 0.046042
0 0.287020 0.438632 0.039695 0.040236
0 0.262344 0.454785 0.034875 0.030347
0 0.264945 0.480174 0.027453 0.034958
0 0.197590 0.389410 0.022445 0.027931
0 0.213375 0.400701 0.023000 0.022431
0 0.400543 0.414882 0.036727 0.040236
0 0.371973 0.476556 0.038211 0.032972
0 0.432820 0.505243 0.044891 0.058708
0 0.391648 0.635889 0.087344 0.184917
