0 0.252996 0.444243 0.032383 0.028514
0 0.204742 0.448229 0.028859 0.036486
0 0.218852 0.405194 0.016672 0.017667
0 0.238891 0.404910 0.021484 0.019375
0 0.264699 0.414340 0.019883 0.029125
0 0.296766 0.417736 0.032063 0.027944
0 0.665547 0.964069 0.105469 0.071861
0 0.175422 0.399840 0.015953 0.021764
0 0.188965 0.390938 0.013352 0.014514
0 0.308668 0.521285 0.039961 0.057486
0 0.544996 0.502125 0.044727 0.050056
0 0.657918 0.699174 0.088586 0.113542
0 0.401004 0.677424 0.060992 0.114903
0 0.443539 0.502944 0.049437 0.066778
0 0.426203 0.434785 0.024469 0.028347
0 0.369398 0.587653 0.046719 0.076750
0 0.352504 0.413264 0.024742 0.037472
0 0.824797 0.925014 0.050750 0.122083
0 0.693453 0.502632 0.035781 0.050653
0 0.404789 0.427139 0.016359 0.038194
0 0.597602 0.826569 0.094047 0.139778
0 0.498109 0.628722 0.066484 0.102194
0 0.766156 0.642278 0.077375 0.085111
0 0.920125 0.651618 0.100234 0.102764
0 0.703902 0.503556 0.056852 0.056694
0 0.628617 0.510549 0.052250 0.047597
0 0.549113 0.456236 0.039227 0.036639
0 0.650879 0.573160 0.051320 0.038792
0 0.467348 0.438743 0.040352 0.050375
0 0.333305 0.480514 0.043359 0.040444
0 0.381168 0.478222 0.041211 0.040444
0 0.375156 0.523632 0.041203 0.042736
0 0.530613 0.581931 0.056617 0.065333
0 0.256203 0.480729 0.035594 0.042181
