0 0.424316 0.566549 0.052336 0.080403
0 0.821996 0.559021 0.068773 0.055764
0 0.181879 0.397042 0.018289 0.011333
0 0.203770 0.390882 0.014414 0.022653
0 0.220672 0.395806 0.019953 0.014778
0 0.505641 0.422618 0.100578 0.071208
0 0.366336 0.412326 0.023141 0.028486
0 0.391707 0.424194 0.029367 0.036389
0 0.345422 0.430521 0.024031 0.026903
0 0.301359 0.418576 0.021359 0.025486
0 0.283563 0.402833 0.026703 0.028472
0 0.250180 0.401250 0.025813 0.031639
0 0.197664 0.435271 0.025812 0.061708
0 0.627582 0.860931 0.121945 0.144000
0 0.473148 0.969632 0.105031 0.060736
0 0.266648 0.919486 0.074766 0.052222
0 0.374348 0.507271 0.044508 0.037986
0 0.277332 0.490653 0.040945 0.039556
0 0.320496 0.479583 0.040055 0.045889
0 0.955594 0.604542 0.060469 0.071000
0 0.709703 0.551840 0.060687 0.062014
0 0.258871 0.546056 0.041852 0.098833
0 0.565293 0.478840 0.051898 0.052153
0 0.682031 0.497563 0.052500 0.052875
0 0.800590 0.506889 0.063258 0.047667
0 0.567648 0.498556 0.055547 0.091250
0 0.778430 0.655236 0.084578 0.071583
0 0.651188 0.444938 0.122938 0.080431
0 0.332496 0.536979 0.043039 0.062375
0 0.301055 0.650069 0.051656 0.093056
