0 0.612910 0.501403 0.047680 0.043278
0 0.971844 0.719931 0.056312 0.093583
0 0.636754 0.478000 0.040727 0.033556
0 0.430063 0.951458 0.111437 0.097083
0 0.559059 0.775174 0.082117 0.124764
0 0.835090 0.689382 0.090305 0.084542
0 0.485961 0.466681 0.033984 0.043111
0 0.555629 0.460847 0.035242 0.038972
0 0.282715 0.652715 0.056102 0.099875
0 0.323359 0.515882 0.047531 0.090819
0 0.502848 0.649896 0.069930 0.107847
0 0.245195 0.468882 0.037844 0.045958
0 0.352063 0.438153 0.024984 0.019639
0 0.396699 0.429840 0.020930 0.020986
0 0.474445 0.467375 0.056922 0.043306
0 0.825617 0.553174 0.072453 0.071042
0 0.765852 0.602361 0.068687 0.075500
0 0.235359 0.933910 0.084438 0.132181
0 0.262918 0.539458 0.042211 0.050333
0 0.273969 0.407875 0.026938 0.019944
0 0.304270 0.404736 0.028539 0.021667
0 0.328965 0.418986 0.023398 0.026222
0 0.215926 0.393625 0.013477 0.021083
0 0.200059 0.397618 0.026617 0.027931
0 0.623836 0.453285 0.046687 0.026486
